i 0 
i 1 
i 2 
i 3 
i 4 
i 5 
i 6 
i 7 
i 8 
i 9 
i 10 
i 1 8 
i 1 2 
i 4 8 
i 4 5 
i 3 4 
i 2 4 
i 1 7 
i 0 7 
i 6 9 
i 0 3 
i 4 10 
i 2 3 
i 2 3 4 
i 5 8 
i 4 5 8 
i 4 7 
i 3 10 
i 3 4 10 
i 7 9 
i 5 7 
i 4 5 7 
i 1 6 
i 2 7 
i 1 2 7 
i 2 4 7 
i 1 5 
i 1 5 7 
i 1 5 8 
i 2 6 
i 1 2 6 
i 7 10 
i 4 7 10 
d 1 2 6 
d 2 6 
d 2 3 4 
d 2 4 7 
d 2 4 
d 1 5 8 
d 1 8 
i 0 6 
d 6 9 
d 0 7 
d 1 2 7 
d 2 7 
i 1 3 
i 1 2 3 
i 0 5 
i 4 9 
i 4 7 9 
d 4 5 7 
d 4 7 9 
d 4 7 10 
d 4 7 
d 1 5 7 
d 5 7 
d 3 4 10 
d 3 10 
d 4 5 8 
d 5 8 
d 0 3 
d 7 10 
i 5 10 
i 4 5 10 
i 6 10 
i 0 2 
i 3 9 
i 3 4 9 
i 0 9 
i 1 4 
i 1 3 4 
i 1 4 5 
d 1 2 3 
d 2 3 
i 0 1 
i 0 1 2 
i 0 1 5 
i 0 1 6 
i 9 10 
i 4 9 10 
i 3 6 
i 1 3 6 
i 3 7 
i 1 3 7 
i 3 7 9 
i 8 10 
i 4 8 10 
i 7 8 
i 3 5 
i 1 3 5 
i 3 4 5 
i 1 3 4 5 
d 1 3 4 5 
d 1 4 5 
d 3 4 5 
d 4 5 10 
d 4 5 
d 0 1 5 
d 0 5 
d 3 7 9 
d 7 9 
d 3 4 9 
d 3 9 
d 4 8 10 
d 4 9 10 
d 4 10 
d 1 3 5 
d 3 5 
d 0 1 2 
d 1 2 
d 0 9 
d 1 3 4 
d 3 4 
i 3 9 
i 2 8 
i 4 5 
i 1 4 5 
d 1 3 6 
d 1 3 7 
d 1 3 
d 1 4 5 
d 4 5 
i 2 4 
i 2 4 8 
i 6 8 
i 6 8 10 
i 0 8 
i 0 2 8 
i 0 6 8 
d 9 10 
d 0 1 6 
d 0 1 
d 1 4 
d 3 6 
d 5 10 
d 4 9 
