i 0 
i 1 
i 2 
i 3 
i 4 
i 5 
i 6 
i 7 
i 8 
i 9 
i 10 
i 11 
i 12 
i 13 
i 14 
i 15 
i 1 8 
i 1 2 
i 4 8 
i 1 11 
i 3 15 
i 9 12 
i 4 5 
i 9 11 
i 12 14 
i 3 4 
i 2 4 
i 8 15 
i 2 11 
i 1 2 11 
i 4 14 
i 1 7 
i 1 14 
i 6 15 
i 0 7 
i 6 9 
i 0 3 
i 4 10 
i 5 13 
i 10 11 
i 2 3 
i 2 3 4 
i 4 12 
i 4 12 14 
i 0 13 
i 0 15 
i 0 3 15 
i 5 8 
i 4 5 8 
i 4 7 
i 3 10 
i 3 4 10 
i 7 9 
i 5 7 
i 4 5 7 
i 1 6 
i 2 7 
i 1 2 7 
i 2 4 7 
i 1 5 
i 1 5 7 
i 1 5 8 
i 2 6 
i 1 2 6 
i 11 14 
i 1 11 14 
i 7 10 
i 4 7 10 
i 8 13 
i 5 8 13 
i 8 11 
i 1 8 11 
d 1 2 6 
d 2 6 
d 2 3 4 
d 2 4 7 
d 2 4 
d 1 5 8 
d 1 8 11 
d 1 8 
i 0 6 
i 0 6 15 
i 12 15 
d 0 3 15 
d 3 15 
d 6 9 
d 0 7 
d 1 2 7 
d 2 7 
d 1 11 14 
d 1 14 
d 9 11 
d 0 13 
i 1 3 
i 1 2 3 
i 1 13 
i 1 5 13 
i 3 15 
i 0 3 15 
i 5 14 
i 4 5 14 
i 0 5 
i 4 9 
i 4 7 9 
i 4 9 12 
i 0 12 
i 0 12 15 
i 9 15 
i 9 12 15 
i 12 13 
d 1 2 11 
d 1 11 
d 4 5 7 
d 4 7 9 
d 4 7 10 
d 4 7 
d 1 5 7 
d 5 7 
d 3 4 10 
d 3 10 
d 8 11 
d 4 5 8 
d 5 8 13 
d 5 8 
d 0 3 15 
d 0 3 
d 11 14 
d 7 10 
i 5 10 
i 4 5 10 
i 11 12 
i 6 10 
i 5 15 
i 0 5 15 
i 0 2 
i 3 9 
i 3 4 9 
i 3 9 15 
i 0 9 
i 0 9 12 
i 0 9 15 
i 0 9 12 15 
i 5 12 
i 0 5 12 
i 4 5 12 
i 5 12 13 
i 5 12 14 
i 5 12 15 
i 0 5 12 15 
i 4 5 12 14 
i 1 4 
i 1 3 4 
i 1 4 5 
d 1 2 3 
d 2 3 
i 10 12 
i 4 10 12 
i 5 10 12 
i 10 11 12 
i 4 5 10 12 
i 6 14 
i 0 1 
i 0 1 2 
i 0 1 5 
i 0 1 6 
i 9 14 
i 4 9 14 
i 9 12 14 
i 4 9 12 14 
i 1 11 
i 1 2 11 
i 7 15 
i 7 9 15 
i 8 12 
i 4 8 12 
i 8 12 13 
i 8 12 15 
d 0 9 12 15 
d 4 9 12 14 
d 0 9 12 
d 4 9 12 
d 9 12 14 
d 9 12 15 
d 9 12 
i 9 10 
i 4 9 10 
i 10 13 
i 5 10 13 
i 10 12 13 
i 5 10 12 13 
i 3 6 
i 1 3 6 
i 3 6 15 
i 2 12 
i 0 2 12 
i 2 11 12 
i 1 15 
i 0 1 15 
i 1 3 15 
i 1 5 15 
i 1 6 15 
i 1 7 15 
i 0 1 5 15 
i 0 1 6 15 
i 1 3 6 15 
i 3 7 
i 1 3 7 
i 3 7 9 
i 3 7 15 
i 1 3 7 15 
i 3 7 9 15 
i 6 11 
i 1 6 11 
i 6 10 11 
i 10 15 
i 5 10 15 
i 6 10 15 
i 9 10 15 
i 10 12 15 
i 5 10 12 15 
i 8 10 
i 4 8 10 
i 8 10 12 
i 8 10 13 
i 8 10 15 
i 4 8 10 12 
i 8 10 12 13 
i 8 10 12 15 
i 2 13 
i 1 2 13 
i 2 12 13 
i 5 11 
i 1 5 11 
i 5 10 11 
i 5 11 12 
i 5 10 11 12 
i 3 11 
i 1 3 11 
i 3 6 11 
i 1 3 6 11 
i 7 8 
i 7 8 15 
i 3 5 
i 1 3 5 
i 3 4 5 
i 3 5 11 
i 3 5 15 
i 1 3 4 5 
i 1 3 5 11 
i 1 3 5 15 
d 0 5 12 15 
d 5 10 12 15 
d 8 10 12 15 
d 0 12 15 
d 5 12 15 
d 8 12 15 
d 10 12 15 
d 12 15 
d 1 3 4 5 
d 4 5 10 12 
d 4 5 12 14 
d 1 4 5 
d 3 4 5 
d 4 5 10 
d 4 5 12 
d 4 5 14 
d 4 5 
d 3 7 9 15 
d 0 9 15 
d 3 9 15 
d 7 9 15 
d 9 10 15 
d 9 15 
d 5 10 12 13 
d 1 5 13 
d 5 10 13 
d 5 12 13 
d 5 13 
i 11 13 
i 1 11 13 
i 2 11 13 
i 10 11 13 
i 11 12 13 
i 1 2 11 13 
i 2 11 12 13 
i 10 11 12 13 
i 9 11 
i 3 9 11 
i 9 10 11 
d 0 1 5 15 
d 0 1 5 
d 0 5 12 
d 0 5 15 
d 0 5 
d 3 7 9 
d 7 9 
d 1 3 7 15 
d 1 7 15 
d 3 7 15 
d 7 8 15 
d 7 15 
d 1 3 5 15 
d 1 5 15 
d 3 5 15 
d 5 10 15 
d 5 15 
d 3 4 9 
d 3 9 11 
d 3 9 
d 4 8 10 12 
d 4 8 10 
d 4 9 10 
d 4 10 12 
d 4 10 
d 1 3 5 11 
d 1 3 5 
d 3 5 11 
d 3 5 
d 8 10 12 13 
d 8 10 13 
d 8 12 13 
d 8 13 
d 1 2 11 13 
d 0 1 2 
d 1 2 11 
d 1 2 13 
d 1 2 
d 0 9 
d 1 3 6 15 
d 1 3 15 
d 3 6 15 
d 3 15 
d 2 11 12 13 
d 10 11 12 13 
d 1 11 13 
d 2 11 13 
d 10 11 13 
d 11 12 13 
d 11 13 
d 1 3 4 
d 3 4 
d 1 3 6 11 
d 1 6 11 
d 3 6 11 
d 6 10 11 
d 6 11 
d 8 10 15 
d 8 15 
d 0 1 6 15 
d 0 1 15 
d 1 6 15 
d 1 15 
i 3 9 
i 3 9 11 
i 2 8 
i 2 8 12 
i 3 13 
i 1 3 13 
i 4 5 
i 1 4 5 
i 4 5 12 
i 4 5 14 
i 4 5 12 14 
d 5 10 11 12 
d 5 10 11 
d 9 10 11 
d 10 11 12 
d 10 11 
d 0 2 12 
d 0 12 
d 1 3 6 
d 1 3 7 
d 1 3 11 
d 1 3 13 
d 1 3 
d 4 5 12 14 
d 4 5 12 
d 4 8 12 
d 4 12 14 
d 4 12 
d 2 8 12 
d 8 10 12 
d 8 12 
d 1 4 5 
d 4 5 14 
d 4 5 
d 1 5 11 
d 1 11 
i 2 4 
i 2 4 8 
i 6 8 
i 6 8 10 
i 0 8 
i 0 2 8 
i 0 6 8 
d 0 6 15 
d 0 15 
i 8 13 
i 2 8 13 
i 8 10 13 
i 7 14 
d 9 10 
d 0 1 6 
d 0 1 
d 1 4 
d 3 6 
d 5 10 12 
d 5 10 
d 4 9 14 
d 4 9 
d 4 14
