Dimension 0: 
0 -> 0 
1 -> 1 
2 -> 2 
3 -> 3 
4 -> 4 
5 -> 5 
6 -> 6 
7 -> 7 
8 -> 8 
9 -> 9 
10 -> 10 
Dimension 1: 
0 -> 1 8 
1 -> 1 2 
2 -> 4 8 
3 -> 4 5 
4 -> 3 4 
5 -> 2 4 
6 -> 1 7 
7 -> 0 7 
8 -> 6 9 
9 -> 0 3 
10 -> 4 10 
11 -> 2 3 
12 -> 5 8 
13 -> 4 7 
14 -> 3 10 
15 -> 7 9 
16 -> 5 7 
17 -> 1 6 
18 -> 2 7 
19 -> 1 5 
20 -> 2 6 
21 -> 7 10 
22 -> 0 6 
23 -> 1 3 
24 -> 0 5 
25 -> 4 9 
26 -> 5 10 
27 -> 6 10 
28 -> 0 2 
29 -> 3 9 
30 -> 0 9 
31 -> 1 4 
32 -> 0 1 
33 -> 9 10 
34 -> 3 6 
35 -> 3 7 
36 -> 8 10 
37 -> 7 8 
38 -> 3 5 
39 -> 3 9 
40 -> 2 8 
41 -> 4 5 
42 -> 2 4 
43 -> 6 8 
44 -> 0 8 
Dimension 2: 
0 -> 2 3 4 
1 -> 4 5 8 
2 -> 3 4 10 
3 -> 4 5 7 
4 -> 1 2 7 
5 -> 2 4 7 
6 -> 1 5 7 
7 -> 1 5 8 
8 -> 1 2 6 
9 -> 4 7 10 
10 -> 1 2 3 
11 -> 4 7 9 
12 -> 4 5 10 
13 -> 3 4 9 
14 -> 1 3 4 
15 -> 1 4 5 
16 -> 0 1 2 
17 -> 0 1 5 
18 -> 0 1 6 
19 -> 4 9 10 
20 -> 1 3 6 
21 -> 1 3 7 
22 -> 3 7 9 
23 -> 4 8 10 
24 -> 1 3 5 
25 -> 3 4 5 
26 -> 1 4 5 
27 -> 2 4 8 
28 -> 6 8 10 
29 -> 0 2 8 
30 -> 0 6 8 
Dimension 3: 
0 -> 1 3 4 5 
