Dimension 0: 
0 -> 0 
1 -> 1 
2 -> 2 
3 -> 3 
4 -> 4 
5 -> 5 
6 -> 6 
7 -> 7 
8 -> 8 
9 -> 9 
10 -> 10 
11 -> 11 
12 -> 12 
13 -> 13 
14 -> 14 
15 -> 15 
-----------------------
Dimension 1: 
0 -> 1 8 
1 -> 1 2 
2 -> 4 8 
3 -> 1 11 
4 -> 3 15 
5 -> 9 12 
6 -> 4 5 
7 -> 9 11 
8 -> 12 14 
9 -> 3 4 
10 -> 2 4 
11 -> 8 15 
12 -> 2 11 
13 -> 4 14 
14 -> 1 7 
15 -> 1 14 
16 -> 6 15 
17 -> 0 7 
18 -> 6 9 
19 -> 0 3 
20 -> 4 10 
21 -> 5 13 
22 -> 10 11 
23 -> 2 3 
24 -> 4 12 
25 -> 0 13 
26 -> 0 15 
27 -> 5 8 
28 -> 4 7 
29 -> 3 10 
30 -> 7 9 
31 -> 5 7 
32 -> 1 6 
33 -> 2 7 
34 -> 1 5 
35 -> 2 6 
36 -> 11 14 
37 -> 7 10 
38 -> 8 13 
39 -> 8 11 
40 -> 0 6 
41 -> 12 15 
42 -> 1 3 
43 -> 1 13 
4 -> 3 15 
45 -> 5 14 
46 -> 0 5 
47 -> 4 9 
48 -> 0 12 
49 -> 9 15 
50 -> 12 13 
51 -> 5 10 
52 -> 11 12 
53 -> 6 10 
54 -> 5 15 
55 -> 0 2 
56 -> 3 9 
57 -> 0 9 
58 -> 5 12 
59 -> 1 4 
60 -> 10 12 
61 -> 6 14 
62 -> 0 1 
63 -> 9 14 
3 -> 1 11 
65 -> 7 15 
66 -> 8 12 
67 -> 9 10 
68 -> 10 13 
69 -> 3 6 
70 -> 2 12 
71 -> 1 15 
72 -> 3 7 
73 -> 6 11 
74 -> 10 15 
75 -> 8 10 
76 -> 2 13 
77 -> 5 11 
78 -> 3 11 
79 -> 7 8 
80 -> 3 5 
81 -> 11 13 
7 -> 9 11 
56 -> 3 9 
84 -> 2 8 
85 -> 3 13 
6 -> 4 5 
10 -> 2 4 
88 -> 6 8 
89 -> 0 8 
38 -> 8 13 
91 -> 7 14 
-----------------------
Dimension 2: 
0 -> 1 2 11 
1 -> 2 3 4 
2 -> 4 12 14 
3 -> 0 3 15 
4 -> 4 5 8 
5 -> 3 4 10 
6 -> 4 5 7 
7 -> 1 2 7 
8 -> 2 4 7 
9 -> 1 5 7 
10 -> 1 5 8 
11 -> 1 2 6 
12 -> 1 11 14 
13 -> 4 7 10 
14 -> 5 8 13 
15 -> 1 8 11 
16 -> 0 6 15 
17 -> 1 2 3 
18 -> 1 5 13 
3 -> 0 3 15 
20 -> 4 5 14 
21 -> 4 7 9 
22 -> 4 9 12 
23 -> 0 12 15 
24 -> 9 12 15 
25 -> 4 5 10 
26 -> 0 5 15 
27 -> 3 4 9 
28 -> 3 9 15 
29 -> 0 9 12 
30 -> 0 9 15 
31 -> 0 5 12 
32 -> 4 5 12 
33 -> 5 12 13 
34 -> 5 12 14 
35 -> 5 12 15 
36 -> 1 3 4 
37 -> 1 4 5 
38 -> 4 10 12 
39 -> 5 10 12 
40 -> 10 11 12 
41 -> 0 1 2 
42 -> 0 1 5 
43 -> 0 1 6 
44 -> 4 9 14 
45 -> 9 12 14 
0 -> 1 2 11 
47 -> 7 9 15 
48 -> 4 8 12 
49 -> 8 12 13 
50 -> 8 12 15 
51 -> 4 9 10 
52 -> 5 10 13 
53 -> 10 12 13 
54 -> 1 3 6 
55 -> 3 6 15 
56 -> 0 2 12 
57 -> 2 11 12 
58 -> 0 1 15 
59 -> 1 3 15 
60 -> 1 5 15 
61 -> 1 6 15 
62 -> 1 7 15 
63 -> 1 3 7 
64 -> 3 7 9 
65 -> 3 7 15 
66 -> 1 6 11 
67 -> 6 10 11 
68 -> 5 10 15 
69 -> 6 10 15 
70 -> 9 10 15 
71 -> 10 12 15 
72 -> 4 8 10 
73 -> 8 10 12 
74 -> 8 10 13 
75 -> 8 10 15 
76 -> 1 2 13 
77 -> 2 12 13 
78 -> 1 5 11 
79 -> 5 10 11 
80 -> 5 11 12 
81 -> 1 3 11 
82 -> 3 6 11 
83 -> 7 8 15 
84 -> 1 3 5 
85 -> 3 4 5 
86 -> 3 5 11 
87 -> 3 5 15 
88 -> 1 11 13 
89 -> 2 11 13 
90 -> 10 11 13 
91 -> 11 12 13 
92 -> 3 9 11 
93 -> 9 10 11 
92 -> 3 9 11 
95 -> 2 8 12 
96 -> 1 3 13 
37 -> 1 4 5 
32 -> 4 5 12 
20 -> 4 5 14 
100 -> 2 4 8 
101 -> 6 8 10 
102 -> 0 2 8 
103 -> 0 6 8 
104 -> 2 8 13 
74 -> 8 10 13 
-----------------------
Dimension 3: 
0 -> 0 9 12 15 
1 -> 0 5 12 15 
2 -> 4 5 12 14 
3 -> 4 5 10 12 
4 -> 4 9 12 14 
5 -> 5 10 12 13 
6 -> 0 1 5 15 
7 -> 0 1 6 15 
8 -> 1 3 6 15 
9 -> 1 3 7 15 
10 -> 3 7 9 15 
11 -> 5 10 12 15 
12 -> 4 8 10 12 
13 -> 8 10 12 13 
14 -> 8 10 12 15 
15 -> 5 10 11 12 
16 -> 1 3 6 11 
17 -> 1 3 4 5 
18 -> 1 3 5 11 
19 -> 1 3 5 15 
20 -> 1 2 11 13 
21 -> 2 11 12 13 
22 -> 10 11 12 13 
2 -> 4 5 12 14 
-----------------------
