0 1 2766
rep: 
0 

-----------------------
1 2754 2766
rep: 
28 
55 
111 
113 
116 

-----------------------
1 2632 2766
rep: 
17 
20 
21 
28 
32 
41 
53 
99 
114 
117 

-----------------------
1 2664 2766
rep: 
2 
28 
30 
40 
52 
55 
56 
77 
87 
111 
113 
128 
138 

-----------------------
1 2740 2766
rep: 
20 
21 
28 
30 
34 
40 
52 
53 
56 
77 
87 
111 
113 
117 
146 

-----------------------
1 2454 2766
rep: 
2 
4 
7 
28 
55 
58 
111 
151 

-----------------------
1 2627 2766
rep: 
23 
30 
52 
113 
130 
155 

-----------------------
1 2694 2766
rep: 
17 
21 
32 
114 
177 

-----------------------
1 2595 2766
rep: 
52 
111 
113 
143 
162 

-----------------------
1 2668 2766
rep: 
28 
52 
55 
77 
114 
116 
127 
150 

-----------------------
1 2688 2766
rep: 
28 
53 
55 
116 
236 
237 

-----------------------
1 2418 2766
rep: 
4 
7 
20 
21 
52 
111 
113 
127 
253 

-----------------------
1 2703 2766
rep: 
138 
194 
225 
259 

-----------------------
1 2697 2766
rep: 
21 
23 
52 
55 
77 
113 
114 
127 
130 
136 
150 
177 
184 
194 
209 
264 

-----------------------
1 2721 2766
rep: 
28 
30 
52 
55 
56 
77 
87 
111 
116 
130 
267 

-----------------------
1 2683 2766
rep: 
21 
28 
30 
32 
52 
55 
111 
113 
114 
116 
150 
177 
236 
271 

-----------------------
1 2506 2766
rep: 
2 
4 
7 
28 
30 
52 
55 
77 
111 
113 

-----------------------
1 2707 2766
rep: 
21 
40 
56 
77 
87 
114 
150 
276 

-----------------------
1 2524 2766
rep: 
2 
4 
7 
28 
55 
278 

-----------------------
1 2610 2766
rep: 
2 
4 
7 
30 
55 
77 
166 
284 

-----------------------
1 2724 2766
rep: 
17 
30 
32 
50 
77 
113 
116 
127 
130 
136 
150 
184 
194 
209 
264 
272 
295 

-----------------------
1 2412 2766
rep: 
2 
4 
7 
30 
52 
77 
111 
113 
116 
143 
236 
296 

-----------------------
1 2563 2766
rep: 
17 
20 
21 
32 
41 
53 
99 
179 
306 

-----------------------
1 2752 2766
rep: 
28 
53 
284 
307 

-----------------------
1 2710 2766
rep: 
138 
146 
240 
313 

-----------------------
1 2656 2766
rep: 
2 
4 
7 
20 
21 
28 
55 
77 
316 

-----------------------
