Dimension 0: 
0 -> 0 
1 -> 1 
2 -> 2 
3 -> 3 
4 -> 4 
5 -> 5 
6 -> 6 
7 -> 7 
8 -> 8 
9 -> 9 
10 -> 10 
11 -> 11 
12 -> 12 
13 -> 13 
14 -> 14 
15 -> 15 
16 -> 16 
17 -> 17 
18 -> 18 
19 -> 19 
20 -> 20 
21 -> 21 
22 -> 22 
23 -> 23 
24 -> 24 
25 -> 25 
26 -> 26 
27 -> 27 
28 -> 28 
29 -> 29 
-----------------------
Dimension 1: 
0 -> 1 8 
1 -> 1 2 
2 -> 4 8 
3 -> 1 11 
4 -> 8 20 
5 -> 6 29 
6 -> 3 15 
7 -> 20 24 
8 -> 8 26 
9 -> 9 12 
10 -> 2 27 
11 -> 11 21 
12 -> 12 20 
13 -> 9 19 
14 -> 4 5 
15 -> 20 25 
16 -> 0 20 
17 -> 5 22 
18 -> 7 19 
19 -> 21 29 
20 -> 7 18 
21 -> 1 18 
22 -> 23 26 
23 -> 14 29 
24 -> 1 23 
25 -> 16 27 
26 -> 2 28 
27 -> 15 16 
28 -> 1 16 
29 -> 9 11 
30 -> 12 14 
31 -> 10 28 
32 -> 2 22 
33 -> 27 28 
34 -> 10 17 
35 -> 3 4 
36 -> 2 4 
37 -> 8 15 
38 -> 17 24 
39 -> 7 21 
40 -> 26 27 
41 -> 2 11 
42 -> 14 26 
43 -> 14 18 
44 -> 24 28 
45 -> 8 24 
46 -> 4 14 
47 -> 21 24 
48 -> 18 21 
49 -> 0 21 
50 -> 16 28 
51 -> 19 21 
52 -> 12 23 
53 -> 1 7 
54 -> 1 14 
55 -> 4 16 
56 -> 9 24 
57 -> 4 24 
58 -> 6 15 
59 -> 0 7 
60 -> 13 18 
61 -> 2 23 
62 -> 3 20 
63 -> 6 9 
64 -> 5 17 
65 -> 0 3 
66 -> 7 24 
67 -> 6 17 
68 -> 10 21 
69 -> 11 22 
70 -> 22 29 
71 -> 4 10 
72 -> 5 13 
73 -> 17 22 
74 -> 11 16 
75 -> 21 23 
76 -> 10 11 
77 -> 14 24 
78 -> 17 18 
79 -> 12 22 
80 -> 2 3 
81 -> 4 12 
82 -> 6 18 
83 -> 0 13 
84 -> 5 18 
85 -> 13 16 
86 -> 15 27 
87 -> 9 27 
88 -> 7 16 
89 -> 16 21 
90 -> 20 27 
91 -> 14 28 
92 -> 0 15 
93 -> 10 25 
94 -> 5 8 
95 -> 22 28 
96 -> 10 16 
97 -> 4 7 
98 -> 0 26 
99 -> 11 17 
100 -> 3 10 
101 -> 13 25 
102 -> 6 20 
103 -> 19 28 
104 -> 7 17 
105 -> 16 19 
106 -> 7 29 
107 -> 6 27 
108 -> 7 9 
109 -> 5 7 
110 -> 15 28 
111 -> 1 6 
112 -> 2 7 
113 -> 6 23 
114 -> 1 5 
115 -> 2 6 
116 -> 4 23 
117 -> 16 17 
118 -> 7 28 
119 -> 15 22 
120 -> 11 14 
121 -> 7 10 
122 -> 2 16 
123 -> 2 19 
124 -> 8 13 
125 -> 3 26 
126 -> 11 19 
127 -> 12 24 
128 -> 8 25 
129 -> 8 11 
130 -> 0 6 
131 -> 12 15 
132 -> 2 26 
133 -> 3 25 
134 -> 12 18 
135 -> 20 29 
136 -> 4 25 
137 -> 13 29 
138 -> 25 26 
139 -> 4 26 
140 -> 9 23 
141 -> 1 3 
142 -> 14 23 
143 -> 1 13 
144 -> 18 24 
6 -> 3 15 
146 -> 10 26 
147 -> 1 29 
122 -> 2 16 
149 -> 8 19 
150 -> 5 14 
151 -> 15 24 
152 -> 1 26 
153 -> 19 23 
154 -> 0 5 
155 -> 0 29 
156 -> 4 9 
157 -> 0 12 
45 -> 8 24 
159 -> 5 16 
160 -> 9 15 
161 -> 9 28 
162 -> 12 13 
163 -> 5 26 
164 -> 3 16 
165 -> 17 26 
166 -> 12 19 
167 -> 2 20 
168 -> 17 25 
169 -> 14 16 
170 -> 5 10 
171 -> 27 29 
18 -> 7 19 
42 -> 14 26 
174 -> 11 12 
175 -> 16 20 
176 -> 18 27 
177 -> 2 18 
178 -> 6 10 
179 -> 5 21 
180 -> 17 23 
181 -> 4 22 
182 -> 16 18 
183 -> 5 15 
184 -> 0 2 
185 -> 3 9 
186 -> 0 9 
47 -> 21 24 
188 -> 5 12 
26 -> 2 28 
190 -> 1 4 
191 -> 1 22 
192 -> 23 28 
193 -> 10 12 
194 -> 9 25 
195 -> 9 17 
196 -> 16 26 
197 -> 11 27 
74 -> 11 16 
199 -> 10 18 
200 -> 0 22 
201 -> 6 28 
202 -> 10 23 
203 -> 10 20 
204 -> 23 25 
205 -> 6 14 
206 -> 9 20 
207 -> 0 18 
208 -> 0 1 
209 -> 9 14 
3 -> 1 11 
211 -> 8 22 
212 -> 7 15 
213 -> 25 29 
214 -> 4 20 
215 -> 8 12 
216 -> 22 27 
217 -> 17 20 
218 -> 9 10 
219 -> 14 22 
220 -> 21 27 
101 -> 13 25 
222 -> 8 18 
223 -> 10 13 
161 -> 9 28 
225 -> 19 26 
226 -> 1 21 
227 -> 12 25 
228 -> 14 17 
229 -> 24 29 
230 -> 3 6 
33 -> 27 28 
232 -> 16 23 
233 -> 1 19 
234 -> 2 12 
235 -> 1 15 
236 -> 3 23 
237 -> 3 7 
238 -> 6 11 
24 -> 1 23 
240 -> 10 15 
241 -> 8 23 
242 -> 17 21 
243 -> 15 26 
244 -> 8 10 
245 -> 15 29 
19 -> 21 29 
247 -> 2 13 
248 -> 5 11 
249 -> 12 26 
250 -> 3 11 
251 -> 12 27 
252 -> 12 29 
253 -> 7 8 
254 -> 3 27 
255 -> 3 5 
256 -> 5 23 
257 -> 11 13 
258 -> 12 21 
13 -> 9 19 
163 -> 5 26 
261 -> 4 21 
262 -> 2 25 
263 -> 14 21 
264 -> 16 29 
265 -> 2 29 
29 -> 9 11 
267 -> 0 27 
268 -> 23 27 
269 -> 3 24 
270 -> 18 23 
271 -> 3 22 
272 -> 5 29 
220 -> 21 27 
274 -> 5 20 
275 -> 25 28 
276 -> 18 26 
277 -> 10 29 
278 -> 1 24 
279 -> 20 28 
280 -> 0 24 
281 -> 9 29 
49 -> 0 21 
283 -> 8 21 
105 -> 16 19 
229 -> 24 29 
140 -> 9 23 
44 -> 24 28 
288 -> 24 27 
185 -> 3 9 
290 -> 2 8 
38 -> 17 24 
199 -> 10 18 
91 -> 14 28 
294 -> 3 17 
295 -> 5 28 
296 -> 3 13 
14 -> 4 5 
191 -> 1 22 
299 -> 13 20 
175 -> 16 20 
243 -> 15 26 
302 -> 2 17 
164 -> 3 16 
43 -> 14 18 
79 -> 12 22 
242 -> 17 21 
18 -> 7 19 
36 -> 2 4 
309 -> 6 8 
310 -> 0 8 
311 -> 19 25 
312 -> 18 20 
313 -> 15 25 
314 -> 0 23 
124 -> 8 13 
316 -> 7 14 
135 -> 20 29 
95 -> 22 28 
149 -> 8 19 
167 -> 2 20 
-----------------------
Dimension 2: 
0 -> 2 27 28 
1 -> 1 2 11 
2 -> 8 20 24 
3 -> 7 18 21 
4 -> 16 27 28 
5 -> 7 19 21 
6 -> 1 7 18 
7 -> 1 14 18 
8 -> 4 8 24 
9 -> 0 7 21 
10 -> 1 2 23 
11 -> 0 3 20 
12 -> 7 21 24 
13 -> 2 11 22 
14 -> 5 17 22 
15 -> 1 11 16 
16 -> 10 11 21 
17 -> 4 14 24 
18 -> 2 3 4 
19 -> 4 12 14 
20 -> 6 17 18 
21 -> 5 13 18 
22 -> 5 17 18 
23 -> 15 16 27 
24 -> 1 7 16 
25 -> 7 16 21 
26 -> 11 16 21 
27 -> 14 24 28 
28 -> 0 3 15 
29 -> 4 5 8 
30 -> 2 22 28 
31 -> 4 10 16 
32 -> 10 11 16 
33 -> 10 16 21 
34 -> 10 16 28 
35 -> 4 7 16 
36 -> 4 7 24 
37 -> 10 11 17 
38 -> 11 17 22 
39 -> 3 4 10 
40 -> 7 17 18 
41 -> 7 17 24 
42 -> 7 16 19 
43 -> 16 19 21 
44 -> 16 19 28 
45 -> 7 21 29 
46 -> 6 9 27 
47 -> 6 15 27 
48 -> 6 20 27 
49 -> 7 9 19 
50 -> 7 9 24 
51 -> 4 5 7 
52 -> 5 7 17 
53 -> 5 7 18 
54 -> 15 16 28 
55 -> 15 27 28 
56 -> 1 6 18 
57 -> 1 2 7 
58 -> 2 4 7 
59 -> 1 6 23 
60 -> 1 5 7 
61 -> 1 5 8 
62 -> 1 5 18 
63 -> 1 2 6 
64 -> 2 6 23 
65 -> 2 6 27 
66 -> 2 4 23 
67 -> 4 12 23 
68 -> 7 16 17 
69 -> 10 16 17 
70 -> 11 16 17 
71 -> 2 7 28 
72 -> 7 16 28 
73 -> 7 19 28 
74 -> 7 24 28 
75 -> 15 22 28 
76 -> 1 11 14 
77 -> 4 7 10 
78 -> 7 10 16 
79 -> 7 10 17 
80 -> 7 10 21 
81 -> 7 10 28 
82 -> 1 2 16 
83 -> 2 4 16 
84 -> 2 7 16 
85 -> 2 11 16 
86 -> 2 16 27 
87 -> 2 16 28 
88 -> 2 7 19 
89 -> 2 16 19 
90 -> 2 19 28 
91 -> 5 8 13 
92 -> 0 3 26 
93 -> 2 11 19 
94 -> 9 11 19 
95 -> 11 16 19 
96 -> 11 19 21 
97 -> 4 12 24 
98 -> 9 12 24 
99 -> 12 14 24 
100 -> 12 20 24 
101 -> 8 13 25 
102 -> 8 20 25 
103 -> 1 8 11 
104 -> 0 6 15 
105 -> 0 6 20 
106 -> 12 15 22 
107 -> 2 3 26 
108 -> 2 23 26 
109 -> 2 26 27 
110 -> 3 10 25 
111 -> 3 20 25 
112 -> 12 14 18 
113 -> 6 20 29 
114 -> 4 8 25 
115 -> 4 10 25 
116 -> 8 25 26 
117 -> 3 4 26 
118 -> 4 8 26 
119 -> 4 25 26 
120 -> 9 12 23 
121 -> 1 2 3 
122 -> 4 14 23 
123 -> 12 14 23 
124 -> 1 5 13 
125 -> 1 13 16 
126 -> 1 13 18 
127 -> 7 18 24 
128 -> 12 18 24 
129 -> 14 18 24 
130 -> 18 21 24 
28 -> 0 3 15 
132 -> 3 10 26 
133 -> 4 10 26 
134 -> 10 25 26 
135 -> 1 6 29 
136 -> 1 7 29 
137 -> 1 13 29 
82 -> 1 2 16 
85 -> 2 11 16 
89 -> 2 16 19 
141 -> 8 11 19 
142 -> 4 5 14 
143 -> 12 15 24 
144 -> 15 24 28 
145 -> 1 2 26 
146 -> 1 3 26 
147 -> 2 19 23 
148 -> 0 6 29 
149 -> 0 20 29 
150 -> 4 7 9 
151 -> 4 9 12 
152 -> 4 9 23 
153 -> 4 9 24 
154 -> 0 12 15 
155 -> 0 12 20 
8 -> 4 8 24 
157 -> 8 15 24 
2 -> 8 20 24 
159 -> 1 5 16 
160 -> 4 5 16 
161 -> 5 7 16 
162 -> 5 13 16 
163 -> 5 16 17 
164 -> 9 12 15 
165 -> 9 15 24 
166 -> 9 15 27 
167 -> 9 15 28 
168 -> 9 24 28 
169 -> 12 13 18 
170 -> 0 5 26 
171 -> 1 5 26 
172 -> 4 5 26 
173 -> 5 8 26 
174 -> 1 3 16 
175 -> 2 3 16 
176 -> 3 4 16 
177 -> 3 10 16 
178 -> 5 17 26 
179 -> 10 17 26 
180 -> 12 19 23 
181 -> 2 3 20 
182 -> 10 17 25 
183 -> 17 25 26 
184 -> 4 14 16 
185 -> 5 14 16 
186 -> 4 5 10 
187 -> 5 10 16 
188 -> 5 10 17 
189 -> 6 27 29 
42 -> 7 16 19 
191 -> 4 14 26 
192 -> 2 16 20 
193 -> 6 18 27 
194 -> 1 2 18 
195 -> 2 18 27 
196 -> 6 10 17 
197 -> 0 5 21 
198 -> 5 10 21 
199 -> 6 17 23 
200 -> 4 5 22 
201 -> 1 16 18 
202 -> 2 16 18 
203 -> 7 16 18 
204 -> 13 16 18 
205 -> 14 16 18 
206 -> 16 17 18 
207 -> 0 5 15 
208 -> 0 2 20 
209 -> 0 2 26 
210 -> 3 4 9 
211 -> 3 9 15 
212 -> 0 9 12 
213 -> 0 9 15 
12 -> 7 21 24 
130 -> 18 21 24 
216 -> 0 5 12 
217 -> 4 5 12 
218 -> 5 12 13 
219 -> 5 12 14 
220 -> 5 12 15 
87 -> 2 16 28 
90 -> 2 19 28 
30 -> 2 22 28 
224 -> 1 3 4 
225 -> 1 4 5 
226 -> 1 4 16 
227 -> 1 2 22 
228 -> 1 4 22 
229 -> 1 5 22 
230 -> 2 23 28 
231 -> 19 23 28 
232 -> 4 10 12 
233 -> 5 10 12 
234 -> 10 11 12 
235 -> 4 9 25 
236 -> 7 9 17 
237 -> 9 17 25 
238 -> 2 16 26 
239 -> 4 16 26 
240 -> 10 16 26 
241 -> 14 16 26 
242 -> 16 17 26 
243 -> 2 11 27 
85 -> 2 11 16 
32 -> 10 11 16 
70 -> 11 16 17 
247 -> 6 10 18 
248 -> 10 12 18 
249 -> 10 16 18 
250 -> 10 17 18 
251 -> 10 18 21 
252 -> 0 2 22 
253 -> 0 5 22 
254 -> 6 15 28 
255 -> 6 23 28 
256 -> 4 10 23 
257 -> 6 10 23 
258 -> 10 12 23 
259 -> 10 17 23 
260 -> 10 21 23 
261 -> 6 10 20 
262 -> 10 12 20 
263 -> 10 16 20 
264 -> 4 23 25 
265 -> 17 23 25 
266 -> 6 14 18 
267 -> 6 14 23 
268 -> 6 14 29 
269 -> 0 9 20 
270 -> 3 9 20 
271 -> 9 12 20 
272 -> 9 20 24 
273 -> 9 20 25 
274 -> 0 2 18 
275 -> 0 6 18 
276 -> 0 12 18 
277 -> 0 18 21 
278 -> 0 1 2 
279 -> 0 1 5 
280 -> 0 1 6 
281 -> 0 1 18 
282 -> 0 1 22 
283 -> 0 1 29 
284 -> 4 9 14 
285 -> 9 12 14 
286 -> 9 14 24 
1 -> 1 2 11 
15 -> 1 11 16 
289 -> 1 11 22 
290 -> 4 8 22 
291 -> 7 9 15 
292 -> 7 15 24 
293 -> 3 4 20 
294 -> 4 8 20 
295 -> 4 9 20 
296 -> 4 10 20 
297 -> 4 12 20 
298 -> 4 16 20 
299 -> 4 20 25 
300 -> 4 8 12 
301 -> 8 12 13 
302 -> 8 12 15 
303 -> 8 12 19 
304 -> 8 12 20 
305 -> 8 12 24 
306 -> 2 22 27 
307 -> 11 22 27 
308 -> 6 17 20 
309 -> 9 17 20 
310 -> 10 17 20 
311 -> 16 17 20 
312 -> 17 20 25 
313 -> 4 9 10 
314 -> 9 10 17 
315 -> 9 10 20 
316 -> 4 14 22 
317 -> 5 14 22 
318 -> 11 21 27 
319 -> 18 21 27 
101 -> 8 13 25 
321 -> 13 25 29 
322 -> 8 12 18 
323 -> 8 18 24 
324 -> 5 10 13 
325 -> 10 12 13 
326 -> 10 13 16 
167 -> 9 15 28 
328 -> 2 19 26 
329 -> 8 19 26 
330 -> 0 1 21 
331 -> 1 5 21 
332 -> 1 7 21 
333 -> 1 11 21 
334 -> 1 18 21 
335 -> 4 12 25 
336 -> 8 12 25 
337 -> 12 13 25 
338 -> 12 20 25 
339 -> 12 23 25 
340 -> 5 14 17 
341 -> 6 14 17 
342 -> 9 14 17 
343 -> 14 16 17 
344 -> 14 17 18 
345 -> 14 17 23 
346 -> 14 17 26 
347 -> 7 24 29 
348 -> 14 24 29 
349 -> 1 3 6 
350 -> 3 6 15 
351 -> 3 6 20 
352 -> 6 27 28 
353 -> 9 27 28 
354 -> 2 16 23 
355 -> 4 16 23 
356 -> 10 16 23 
357 -> 14 16 23 
358 -> 16 17 23 
359 -> 16 23 28 
360 -> 1 2 19 
361 -> 0 2 12 
362 -> 2 11 12 
363 -> 2 12 18 
364 -> 2 12 19 
365 -> 2 12 20 
366 -> 2 12 23 
367 -> 0 1 15 
368 -> 1 3 15 
369 -> 1 5 15 
370 -> 1 6 15 
371 -> 1 7 15 
372 -> 3 4 23 
373 -> 3 6 23 
374 -> 1 3 7 
375 -> 3 7 9 
376 -> 3 7 15 
377 -> 1 6 11 
378 -> 6 10 11 
379 -> 6 11 17 
380 -> 6 11 27 
10 -> 1 2 23 
382 -> 1 3 23 
383 -> 1 4 23 
59 -> 1 6 23 
385 -> 1 16 23 
386 -> 1 19 23 
387 -> 1 21 23 
388 -> 5 10 15 
389 -> 6 10 15 
390 -> 9 10 15 
391 -> 10 12 15 
392 -> 4 8 23 
393 -> 8 12 23 
394 -> 8 19 23 
395 -> 8 23 25 
396 -> 5 17 21 
397 -> 7 17 21 
398 -> 10 17 21 
399 -> 11 17 21 
400 -> 17 18 21 
401 -> 17 21 23 
402 -> 0 15 26 
403 -> 3 15 26 
404 -> 8 15 26 
405 -> 10 15 26 
406 -> 4 8 10 
407 -> 8 10 12 
408 -> 8 10 13 
409 -> 8 10 15 
410 -> 8 10 18 
411 -> 8 10 20 
412 -> 8 10 23 
413 -> 8 10 26 
414 -> 0 15 29 
415 -> 1 15 29 
416 -> 6 15 29 
417 -> 7 15 29 
418 -> 15 24 29 
419 -> 0 21 29 
420 -> 1 21 29 
45 -> 7 21 29 
422 -> 21 24 29 
423 -> 21 27 29 
424 -> 1 2 13 
425 -> 2 12 13 
426 -> 2 13 16 
427 -> 1 5 11 
428 -> 5 10 11 
429 -> 5 11 12 
430 -> 5 11 16 
431 -> 5 11 17 
432 -> 5 11 21 
433 -> 5 11 22 
434 -> 0 12 26 
435 -> 2 12 26 
436 -> 4 12 26 
437 -> 8 12 26 
438 -> 10 12 26 
439 -> 12 14 26 
440 -> 12 15 26 
441 -> 12 19 26 
442 -> 12 25 26 
443 -> 1 3 11 
444 -> 3 6 11 
445 -> 11 12 27 
446 -> 12 18 27 
447 -> 12 26 27 
448 -> 0 12 29 
449 -> 12 13 29 
450 -> 12 14 29 
451 -> 12 15 29 
452 -> 12 24 29 
453 -> 12 25 29 
454 -> 12 27 29 
455 -> 7 8 15 
456 -> 7 8 18 
457 -> 7 8 24 
458 -> 3 6 27 
459 -> 3 9 27 
460 -> 3 11 27 
461 -> 3 26 27 
462 -> 1 3 5 
463 -> 3 4 5 
464 -> 3 5 11 
465 -> 3 5 15 
466 -> 1 5 23 
467 -> 3 5 23 
468 -> 5 10 23 
469 -> 5 12 23 
470 -> 5 14 23 
471 -> 5 16 23 
472 -> 5 17 23 
473 -> 5 21 23 
474 -> 1 11 13 
475 -> 2 11 13 
476 -> 10 11 13 
477 -> 11 12 13 
478 -> 11 13 16 
479 -> 5 12 21 
480 -> 10 12 21 
481 -> 11 12 21 
482 -> 12 18 21 
483 -> 12 21 23 
484 -> 12 21 24 
485 -> 12 21 27 
486 -> 12 21 29 
487 -> 9 19 28 
170 -> 0 5 26 
489 -> 3 5 26 
490 -> 5 10 26 
491 -> 5 12 26 
492 -> 5 14 26 
493 -> 5 15 26 
494 -> 5 16 26 
178 -> 5 17 26 
496 -> 1 4 21 
497 -> 4 10 21 
498 -> 4 12 21 
499 -> 4 21 23 
500 -> 2 12 25 
501 -> 2 13 25 
502 -> 2 20 25 
503 -> 2 23 25 
504 -> 2 25 26 
505 -> 4 14 21 
506 -> 5 14 21 
507 -> 12 14 21 
508 -> 14 17 21 
509 -> 14 18 21 
510 -> 14 21 23 
511 -> 14 21 24 
512 -> 14 21 29 
513 -> 1 16 29 
514 -> 7 16 29 
515 -> 13 16 29 
516 -> 14 16 29 
517 -> 0 2 29 
518 -> 1 2 29 
519 -> 2 12 29 
520 -> 2 13 29 
521 -> 2 16 29 
522 -> 3 9 11 
523 -> 9 10 11 
524 -> 9 11 17 
525 -> 9 11 27 
526 -> 0 6 27 
527 -> 0 9 27 
528 -> 0 12 27 
529 -> 0 18 27 
530 -> 0 22 27 
531 -> 0 26 27 
532 -> 0 27 29 
533 -> 3 23 27 
534 -> 6 23 27 
535 -> 12 23 27 
536 -> 21 23 27 
537 -> 3 9 24 
538 -> 3 15 24 
539 -> 3 20 24 
540 -> 1 18 23 
541 -> 2 18 23 
542 -> 6 18 23 
543 -> 8 18 23 
544 -> 10 18 23 
545 -> 12 18 23 
546 -> 14 18 23 
547 -> 16 18 23 
548 -> 17 18 23 
549 -> 18 21 23 
550 -> 18 23 27 
551 -> 1 3 22 
552 -> 3 4 22 
553 -> 3 5 22 
554 -> 3 22 27 
555 -> 1 5 29 
556 -> 5 12 29 
557 -> 5 14 29 
558 -> 5 16 29 
559 -> 5 21 29 
318 -> 11 21 27 
485 -> 12 21 27 
319 -> 18 21 27 
536 -> 21 23 27 
423 -> 21 27 29 
565 -> 3 5 20 
566 -> 5 10 20 
567 -> 5 16 20 
568 -> 5 17 20 
569 -> 2 25 28 
570 -> 9 25 28 
571 -> 2 18 26 
572 -> 8 18 26 
573 -> 12 18 26 
574 -> 16 18 26 
575 -> 18 26 27 
576 -> 5 10 29 
577 -> 10 12 29 
578 -> 10 15 29 
579 -> 10 16 29 
580 -> 10 21 29 
581 -> 1 3 24 
582 -> 1 15 24 
583 -> 1 18 24 
584 -> 16 20 28 
585 -> 20 25 28 
586 -> 0 1 24 
587 -> 0 12 24 
588 -> 0 15 24 
589 -> 0 18 24 
590 -> 0 20 24 
591 -> 9 10 29 
592 -> 9 14 29 
593 -> 9 27 29 
330 -> 0 1 21 
595 -> 0 12 21 
277 -> 0 18 21 
597 -> 0 21 27 
419 -> 0 21 29 
599 -> 8 10 21 
600 -> 8 12 21 
601 -> 8 18 21 
602 -> 1 16 19 
603 -> 16 19 23 
44 -> 16 19 28 
605 -> 0 24 29 
606 -> 1 24 29 
607 -> 9 24 29 
452 -> 12 24 29 
348 -> 14 24 29 
418 -> 15 24 29 
152 -> 4 9 23 
612 -> 9 10 23 
613 -> 9 14 23 
614 -> 9 17 23 
615 -> 9 19 23 
616 -> 9 23 25 
617 -> 9 23 27 
168 -> 9 24 28 
619 -> 20 24 28 
620 -> 0 24 27 
621 -> 3 24 27 
622 -> 9 24 27 
623 -> 12 24 27 
624 -> 18 24 27 
625 -> 24 27 28 
626 -> 24 27 29 
522 -> 3 9 11 
628 -> 3 9 23 
537 -> 3 9 24 
459 -> 3 9 27 
631 -> 2 8 12 
632 -> 2 8 18 
633 -> 2 8 19 
634 -> 2 8 22 
635 -> 2 8 25 
636 -> 9 17 24 
637 -> 14 17 24 
247 -> 6 10 18 
410 -> 8 10 18 
248 -> 10 12 18 
249 -> 10 16 18 
251 -> 10 18 21 
643 -> 10 18 26 
644 -> 9 14 28 
645 -> 14 16 28 
27 -> 14 24 28 
647 -> 3 6 17 
648 -> 3 9 17 
649 -> 3 11 17 
650 -> 3 17 23 
651 -> 3 17 24 
652 -> 3 17 26 
653 -> 5 14 28 
654 -> 5 16 28 
655 -> 5 20 28 
656 -> 1 3 13 
225 -> 1 4 5 
217 -> 4 5 12 
142 -> 4 5 14 
160 -> 4 5 16 
661 -> 4 5 20 
200 -> 4 5 22 
663 -> 4 5 23 
172 -> 4 5 26 
282 -> 0 1 22 
228 -> 1 4 22 
229 -> 1 5 22 
668 -> 3 13 20 
584 -> 16 20 28 
405 -> 10 15 26 
671 -> 2 11 17 
672 -> 2 17 25 
673 -> 3 7 16 
674 -> 3 11 16 
675 -> 3 16 17 
676 -> 3 16 20 
677 -> 3 16 23 
678 -> 14 18 26 
679 -> 2 12 22 
680 -> 5 12 22 
681 -> 12 14 22 
682 -> 12 22 27 
683 -> 1 7 19 
42 -> 7 16 19 
685 -> 2 4 8 
686 -> 2 4 22 
687 -> 2 4 25 
688 -> 6 8 10 
689 -> 6 8 20 
690 -> 6 8 23 
691 -> 0 2 8 
692 -> 0 6 8 
693 -> 0 8 21 
694 -> 0 8 22 
695 -> 9 19 25 
696 -> 19 25 26 
697 -> 16 18 20 
698 -> 15 25 26 
699 -> 0 6 23 
700 -> 0 8 23 
701 -> 0 23 27 
702 -> 2 8 13 
408 -> 8 10 13 
704 -> 5 20 29 
705 -> 16 20 29 
30 -> 2 22 28 
707 -> 5 22 28 
708 -> 7 8 19 
709 -> 2 8 20 
710 -> 2 18 20 
502 -> 2 20 25 
-----------------------
Dimension 3: 
0 -> 10 11 16 21 
1 -> 7 16 19 21 
2 -> 5 7 17 18 
3 -> 15 16 27 28 
4 -> 1 5 7 18 
5 -> 1 2 6 23 
6 -> 10 11 16 17 
7 -> 7 16 19 28 
8 -> 4 7 10 16 
9 -> 7 10 16 17 
10 -> 7 10 16 21 
11 -> 7 10 16 28 
12 -> 1 2 7 16 
13 -> 1 2 11 16 
14 -> 2 4 7 16 
15 -> 2 7 16 28 
16 -> 2 16 27 28 
17 -> 2 7 16 19 
18 -> 2 7 19 28 
19 -> 2 16 19 28 
20 -> 2 11 16 19 
21 -> 11 16 19 21 
22 -> 4 12 14 24 
23 -> 4 8 25 26 
24 -> 4 12 14 23 
25 -> 7 18 21 24 
26 -> 12 14 18 24 
27 -> 3 4 10 26 
28 -> 4 10 25 26 
13 -> 1 2 11 16 
20 -> 2 11 16 19 
31 -> 1 2 3 26 
32 -> 0 6 20 29 
33 -> 4 7 9 24 
34 -> 4 9 12 23 
35 -> 4 9 12 24 
36 -> 1 5 7 16 
37 -> 1 5 13 16 
38 -> 4 5 7 16 
39 -> 5 7 16 17 
40 -> 9 12 15 24 
41 -> 9 15 24 28 
42 -> 4 5 8 26 
43 -> 1 2 3 16 
44 -> 3 4 10 16 
45 -> 10 17 25 26 
46 -> 4 5 14 16 
47 -> 4 5 10 16 
48 -> 5 10 16 17 
49 -> 1 2 16 18 
50 -> 1 7 16 18 
51 -> 1 13 16 18 
52 -> 7 16 17 18 
53 -> 0 9 12 15 
25 -> 7 18 21 24 
55 -> 0 5 12 15 
56 -> 4 5 12 14 
19 -> 2 16 19 28 
58 -> 1 4 5 16 
59 -> 1 4 5 22 
60 -> 2 19 23 28 
61 -> 4 5 10 12 
62 -> 4 10 16 26 
63 -> 4 14 16 26 
64 -> 10 16 17 26 
6 -> 10 11 16 17 
66 -> 6 10 17 18 
67 -> 10 16 17 18 
68 -> 4 10 12 23 
69 -> 6 10 17 23 
70 -> 0 9 12 20 
71 -> 9 12 20 24 
72 -> 0 1 2 18 
73 -> 0 1 2 22 
74 -> 0 1 5 22 
75 -> 0 1 6 18 
76 -> 0 1 6 29 
77 -> 4 9 12 14 
78 -> 9 12 14 24 
13 -> 1 2 11 16 
80 -> 1 2 11 22 
81 -> 7 9 15 24 
82 -> 3 4 9 20 
83 -> 4 8 20 25 
84 -> 4 9 12 20 
85 -> 4 9 20 25 
86 -> 4 10 12 20 
87 -> 4 10 16 20 
88 -> 4 8 12 20 
89 -> 8 12 15 24 
90 -> 8 12 20 24 
91 -> 2 11 22 27 
92 -> 6 10 17 20 
93 -> 9 17 20 25 
94 -> 10 16 17 20 
95 -> 4 9 10 20 
96 -> 9 10 17 20 
97 -> 4 5 14 22 
98 -> 8 12 18 24 
99 -> 5 10 12 13 
100 -> 5 10 13 16 
101 -> 0 1 5 21 
102 -> 0 1 18 21 
103 -> 1 7 18 21 
104 -> 4 8 12 25 
105 -> 4 12 20 25 
106 -> 4 12 23 25 
107 -> 8 12 13 25 
108 -> 8 12 20 25 
109 -> 5 14 16 17 
110 -> 6 14 17 18 
111 -> 6 14 17 23 
112 -> 14 16 17 18 
113 -> 14 16 17 26 
114 -> 2 16 23 28 
115 -> 4 10 16 23 
116 -> 4 14 16 23 
117 -> 10 16 17 23 
118 -> 14 16 17 23 
119 -> 0 2 12 18 
120 -> 0 2 12 20 
121 -> 2 12 19 23 
122 -> 0 1 5 15 
123 -> 0 1 6 15 
124 -> 1 3 6 15 
125 -> 1 3 7 15 
126 -> 3 7 9 15 
127 -> 6 10 11 17 
128 -> 1 2 16 23 
129 -> 1 2 19 23 
130 -> 1 3 4 23 
131 -> 1 3 6 23 
132 -> 1 4 16 23 
133 -> 5 10 12 15 
134 -> 4 8 12 23 
135 -> 4 8 23 25 
136 -> 8 12 19 23 
137 -> 8 12 23 25 
138 -> 5 10 17 21 
139 -> 7 17 18 21 
140 -> 10 11 17 21 
141 -> 10 17 18 21 
142 -> 10 17 21 23 
143 -> 4 8 10 12 
144 -> 4 8 10 20 
145 -> 4 8 10 23 
146 -> 4 8 10 26 
147 -> 8 10 12 13 
148 -> 8 10 12 15 
149 -> 8 10 12 18 
150 -> 8 10 12 20 
151 -> 8 10 12 23 
152 -> 8 10 15 26 
153 -> 0 1 15 29 
154 -> 0 6 15 29 
155 -> 1 6 15 29 
156 -> 1 7 15 29 
157 -> 7 15 24 29 
158 -> 0 1 21 29 
159 -> 1 7 21 29 
160 -> 7 21 24 29 
161 -> 1 2 13 16 
162 -> 1 5 11 16 
163 -> 1 5 11 21 
164 -> 1 5 11 22 
165 -> 5 10 11 12 
166 -> 5 10 11 16 
167 -> 5 10 11 17 
168 -> 5 10 11 21 
169 -> 5 11 16 17 
170 -> 5 11 17 21 
171 -> 0 2 12 26 
172 -> 0 12 15 26 
173 -> 2 12 19 26 
174 -> 4 8 12 26 
175 -> 4 10 12 26 
176 -> 4 12 14 26 
177 -> 4 12 25 26 
178 -> 8 10 12 26 
179 -> 8 12 15 26 
180 -> 8 12 19 26 
181 -> 8 12 25 26 
182 -> 10 12 15 26 
183 -> 1 3 6 11 
184 -> 0 12 15 29 
185 -> 12 13 25 29 
186 -> 12 14 24 29 
187 -> 12 15 24 29 
188 -> 7 8 15 24 
189 -> 7 8 18 24 
190 -> 3 6 11 27 
191 -> 1 3 4 5 
192 -> 1 3 5 11 
193 -> 1 3 5 15 
194 -> 1 3 5 23 
195 -> 1 5 16 23 
196 -> 1 5 21 23 
197 -> 5 10 12 23 
198 -> 5 10 16 23 
199 -> 5 10 17 23 
200 -> 5 10 21 23 
201 -> 5 12 14 23 
202 -> 5 14 16 23 
203 -> 5 14 17 23 
204 -> 5 16 17 23 
205 -> 5 17 21 23 
206 -> 1 2 11 13 
207 -> 1 11 13 16 
208 -> 2 11 12 13 
209 -> 2 11 13 16 
210 -> 10 11 12 13 
211 -> 10 11 13 16 
212 -> 5 10 12 21 
213 -> 5 11 12 21 
214 -> 5 12 21 23 
215 -> 10 11 12 21 
216 -> 10 12 18 21 
217 -> 10 12 21 23 
218 -> 11 12 21 27 
219 -> 12 18 21 24 
220 -> 12 18 21 27 
221 -> 12 21 24 29 
222 -> 12 21 27 29 
223 -> 0 5 12 26 
224 -> 0 5 15 26 
225 -> 3 5 15 26 
226 -> 5 10 12 26 
227 -> 5 10 15 26 
228 -> 5 10 16 26 
229 -> 5 10 17 26 
230 -> 5 12 14 26 
231 -> 5 14 16 26 
232 -> 5 14 17 26 
233 -> 5 16 17 26 
234 -> 1 4 21 23 
235 -> 4 10 12 21 
236 -> 4 10 21 23 
237 -> 4 12 21 23 
238 -> 2 12 13 25 
239 -> 2 12 20 25 
240 -> 2 12 23 25 
241 -> 2 12 25 26 
242 -> 4 12 14 21 
243 -> 4 14 21 23 
244 -> 5 12 14 21 
245 -> 5 14 17 21 
246 -> 5 14 21 23 
247 -> 12 14 18 21 
248 -> 12 14 21 23 
249 -> 12 14 21 24 
250 -> 12 14 21 29 
251 -> 14 17 18 21 
252 -> 14 17 21 23 
253 -> 14 18 21 24 
254 -> 14 21 24 29 
255 -> 1 7 16 29 
256 -> 1 13 16 29 
257 -> 0 1 2 29 
258 -> 0 2 12 29 
259 -> 1 2 13 29 
260 -> 1 2 16 29 
261 -> 2 12 13 29 
262 -> 2 13 16 29 
263 -> 3 9 11 27 
264 -> 9 10 11 17 
265 -> 0 6 18 27 
266 -> 0 6 27 29 
267 -> 0 12 18 27 
268 -> 0 12 26 27 
269 -> 0 12 27 29 
270 -> 3 6 23 27 
271 -> 12 21 23 27 
272 -> 1 2 18 23 
273 -> 1 6 18 23 
274 -> 1 16 18 23 
275 -> 1 18 21 23 
276 -> 2 12 18 23 
277 -> 2 16 18 23 
278 -> 6 10 18 23 
279 -> 6 14 18 23 
280 -> 6 17 18 23 
281 -> 6 18 23 27 
282 -> 8 10 18 23 
283 -> 8 12 18 23 
284 -> 10 12 18 23 
285 -> 10 16 18 23 
286 -> 10 17 18 23 
287 -> 10 18 21 23 
288 -> 12 14 18 23 
289 -> 12 18 21 23 
290 -> 12 18 23 27 
291 -> 14 16 18 23 
292 -> 14 17 18 23 
293 -> 14 18 21 23 
294 -> 16 17 18 23 
295 -> 17 18 21 23 
296 -> 1 3 4 22 
297 -> 1 3 5 22 
298 -> 1 5 16 29 
299 -> 1 5 21 29 
300 -> 5 12 14 29 
301 -> 5 12 21 29 
302 -> 5 14 16 29 
303 -> 5 14 21 29 
218 -> 11 12 21 27 
220 -> 12 18 21 27 
271 -> 12 21 23 27 
222 -> 12 21 27 29 
308 -> 18 21 23 27 
309 -> 5 10 16 20 
310 -> 5 10 17 20 
311 -> 5 16 17 20 
312 -> 2 12 18 26 
313 -> 2 16 18 26 
314 -> 8 12 18 26 
315 -> 12 18 26 27 
316 -> 5 10 12 29 
317 -> 5 10 16 29 
318 -> 5 10 21 29 
319 -> 10 12 21 29 
320 -> 0 1 15 24 
321 -> 0 1 18 24 
322 -> 0 12 18 24 
102 -> 0 1 18 21 
158 -> 0 1 21 29 
325 -> 0 12 18 21 
326 -> 0 12 21 27 
327 -> 0 12 21 29 
328 -> 0 18 21 27 
329 -> 0 21 27 29 
330 -> 8 10 12 21 
331 -> 8 12 18 21 
332 -> 1 16 19 23 
333 -> 0 1 24 29 
334 -> 0 12 24 29 
335 -> 0 15 24 29 
336 -> 9 14 24 29 
186 -> 12 14 24 29 
338 -> 4 9 14 23 
339 -> 4 9 23 25 
340 -> 9 10 17 23 
341 -> 9 14 17 23 
342 -> 9 17 23 25 
343 -> 0 12 24 27 
344 -> 0 18 24 27 
345 -> 0 24 27 29 
346 -> 9 24 27 28 
347 -> 9 24 27 29 
348 -> 12 18 24 27 
349 -> 12 24 27 29 
350 -> 3 9 23 27 
351 -> 3 9 24 27 
352 -> 2 8 12 18 
353 -> 2 8 12 19 
354 -> 9 14 17 24 
149 -> 8 10 12 18 
356 -> 8 10 18 21 
216 -> 10 12 18 21 
358 -> 10 12 18 26 
359 -> 9 14 24 28 
360 -> 3 6 17 23 
361 -> 3 9 11 17 
362 -> 3 9 17 23 
363 -> 3 9 17 24 
364 -> 5 14 16 28 
365 -> 5 16 20 28 
58 -> 1 4 5 16 
59 -> 1 4 5 22 
368 -> 1 4 5 23 
56 -> 4 5 12 14 
370 -> 4 5 12 23 
371 -> 4 5 12 26 
46 -> 4 5 14 16 
97 -> 4 5 14 22 
374 -> 4 5 14 23 
375 -> 4 5 14 26 
376 -> 4 5 16 20 
377 -> 4 5 16 23 
378 -> 3 11 16 17 
379 -> 3 16 17 23 
380 -> 5 12 14 22 
381 -> 1 7 16 19 
382 -> 2 4 8 22 
383 -> 2 4 8 25 
384 -> 6 8 10 23 
385 -> 0 2 8 22 
386 -> 0 6 8 23 
387 -> 2 8 20 25 
-----------------------
Dimension 4: 
0 -> 2 7 16 19 28 
1 -> 4 8 12 20 25 
2 -> 4 8 12 23 25 
3 -> 4 8 10 12 20 
4 -> 4 8 10 12 23 
5 -> 0 1 6 15 29 
6 -> 5 10 11 16 17 
7 -> 5 10 11 17 21 
8 -> 4 8 10 12 26 
9 -> 4 8 12 25 26 
10 -> 8 10 12 15 26 
11 -> 5 10 16 17 23 
12 -> 5 10 17 21 23 
13 -> 5 14 16 17 23 
14 -> 1 2 11 13 16 
15 -> 5 10 11 12 21 
16 -> 5 10 12 21 23 
17 -> 5 10 16 17 26 
18 -> 5 14 16 17 26 
19 -> 4 10 12 21 23 
20 -> 4 12 14 21 23 
21 -> 5 12 14 21 23 
22 -> 5 14 17 21 23 
23 -> 12 14 18 21 24 
24 -> 12 14 21 24 29 
25 -> 1 2 13 16 29 
26 -> 1 2 16 18 23 
27 -> 6 10 17 18 23 
28 -> 6 14 17 18 23 
29 -> 8 10 12 18 23 
30 -> 10 12 18 21 23 
31 -> 10 16 17 18 23 
32 -> 10 17 18 21 23 
33 -> 12 14 18 21 23 
34 -> 14 16 17 18 23 
35 -> 14 17 18 21 23 
36 -> 5 12 14 21 29 
37 -> 12 18 21 23 27 
38 -> 5 10 16 17 20 
39 -> 5 10 12 21 29 
40 -> 0 12 18 21 27 
41 -> 0 12 21 27 29 
42 -> 0 12 18 24 27 
43 -> 0 12 24 27 29 
44 -> 8 10 12 18 21 
45 -> 1 4 5 16 23 
46 -> 4 5 12 14 23 
47 -> 4 5 12 14 26 
48 -> 4 5 14 16 23 
-----------------------
