0 0
50000 0.155
100000 0.38
150000 0.644
200000 0.985
250000 1.301
300000 1.657
350000 2.18
400000 2.758
450000 3.488
500000 4.202
550000 5.073
600000 6.027
650000 7.06
700000 8.589
750000 9.267
800000 10.416
850000 11.639
900000 12.888
950000 14.107
1000000 15.429
1050000 16.362
1100000 17.806
1150000 18.422
1200000 20.072
1250000 21.286
1300000 22.196
1350000 24.335
1400000 26.722
1450000 28.187
1500000 29.628
1550000 33.736
1600000 34.318
1650000 35.818
1700000 38.383
1750000 39.614
1800000 41.318
1850000 45.1
1900000 45.32
1950000 49.03
2000000 50.874
2050000 51.644
2100000 57.806
2150000 58.422
2200000 60.072
2250000 61.286
2300000 62.196
2350000 64.335
2400000 66.722
2450000 68.187
2500000 69.628
2550000 73.736
2600000 74.318
2650000 75.818
2700000 78.383
2750000 79.614
2800000 81.318
2850000 85.1
2900000 85.32
2950000 89.03
3000000 90.874
3050000 91.644