0 0
50000 0.132
100000 0.336
150000 0.565
200000 0.862
250000 1.209
300000 1.624
350000 2.051
400000 2.482
450000 3.206
500000 3.835
550000 4.65
600000 5.964
650000 7.674
700000 9.044
750000 9.176
800000 9.067
850000 9.954
900000 10.958
950000 12.008
1000000 13.12
1050000 14.096
1100000 15.191
1150000 16.451
1200000 17.914
1250000 18.796
1300000 19.699
1350000 21.09
1400000 21.752
1450000 23.176
1500000 24.554
1550000 26.143
1600000 26.964
1650000 27.674
1700000 29.044
1750000 29.176
1800000 29.067
1850000 29.954
1900000 30.958
1950000 32.008
2000000 33.12
2050000 34.096
2100000 35.191
2150000 36.451
2200000 37.914
2250000 38.796
2300000 39.699
2350000 41.09
2400000 41.752
2450000 43.176
2500000 44.554
2550000 46.143
2600000 49.964
2650000 52.674
2700000 54.044
2750000 59.176
2800000 69.067
2850000 79.954
2900000 90.958
2950000 112.008
3000000 123.12
3050000 134.096