0 0
50000 0.152
100000 0.431
150000 0.845
200000 1.347
250000 1.762
300000 2.533
350000 2.845
400000 3.788
450000 4.487
500000 5.203
550000 6.167
600000 7.186
650000 8.466
700000 8.957
750000 10.323
800000 11.461
850000 11.807
900000 13.487
950000 14.916
1000000 16.174
1050000 16.353
1100000 18.434
1150000 19.334
1200000 24.325
1250000 23.174
1300000 23.833
1350000 25.001
1400000 25.72
1450000 26.37
1500000 28.505
1550000 28.234
1600000 30.438
1650000 31.985
1700000 33.759
1750000 33.815
1800000 36.461
1850000 41.807
1900000 43.487
1950000 44.916
2000000 46.174
2050000 46.353
2100000 48.434
2150000 49.334
2200000 54.325
2250000 57.174
2300000 63.833
2350000 70.001
2400000 75.72
2450000 83.37
2500000 88.505
2550000 94.234
2600000 97.438
2650000 101.985
2700000 118.759
2750000 123.815
2800000 129.461
2850000 132.807
2900000 138.487
2950000 144.916
3000000 149.174
3050000 151.353